#include <stdio.h>
#include <stdlib.h>
#include <time.h>

int table(void){
	printf("%c%c%c%c%c%c%c%c%c%c%c%c%c%c%c%c%c%c%c%c%c%c%c%c%c%c%c%c%c%c%c%c%c%c%c%c%c%c%c%c%c",201,205,205,205,205,203,205,205,205,205,203,205,205,205,205,203,205,205,205,205,203,205,205,205,205,203,205,205,205,205,203,205,205,205,205,203,205,205,205,205,187);
	printf("\n%c%c%c%c%c%c%c%c%c%c%c%c%c%c%c%c%c%c%c%c%c%c%c%c%c%c%c%c%c%c%c%c%c%c%c%c%c%c%c%c%c",186,0,0,0,0,186,0,0,0,0,186,0,0,0,0,186,0,0,0,0,186,0,0,0,0,186,0,0,0,0,186,0,0,0,0,186,0,0,0,0,186);
	printf("\n%c%c%c%c%c%c%c%c%c%c%c%c%c%c%c%c%c%c%c%c%c%c%c%c%c%c%c%c%c%c%c%c%c%c%c%c%c%c%c%c%c",186,0,0,0,0,186,0,0,0,0,186,0,0,0,0,186,0,0,0,0,186,0,0,0,0,186,0,0,0,0,186,0,0,0,0,186,0,0,0,0,186);
	printf("\n%c%c%c%c%c%c%c%c%c%c%c%c%c%c%c%c%c%c%c%c%c%c%c%c%c%c%c%c%c%c%c%c%c%c%c%c%c%c%c%c%c",204,205,205,205,205,206,205,205,205,205,206,205,205,205,205,206,205,205,205,205,206,205,205,205,205,206,205,205,205,205,206,205,205,205,205,206,205,205,205,205,185);
	printf("\n%c%c%c%c%c%c%c%c%c%c%c%c%c%c%c%c%c%c%c%c%c%c%c%c%c%c%c%c%c%c%c%c%c%c%c%c%c%c%c%c%c",186,0,0,0,0,186,0,0,0,0,186,0,0,0,0,186,0,0,0,0,186,0,0,0,0,186,0,0,0,0,186,0,0,0,0,186,0,0,0,0,186);
	printf("\n%c%c%c%c%c%c%c%c%c%c%c%c%c%c%c%c%c%c%c%c%c%c%c%c%c%c%c%c%c%c%c%c%c%c%c%c%c%c%c%c%c",186,0,0,0,0,186,0,0,0,0,186,0,0,0,0,186,0,0,0,0,186,0,0,0,0,186,0,0,0,0,186,0,0,0,0,186,0,0,0,0,186);
	printf("\n%c%c%c%c%c%c%c%c%c%c%c%c%c%c%c%c%c%c%c%c%c%c%c%c%c%c%c%c%c%c%c%c%c%c%c%c%c%c%c%c%c",204,205,205,205,205,206,205,205,205,205,206,205,205,205,205,206,205,205,205,205,206,205,205,205,205,206,205,205,205,205,206,205,205,205,205,206,205,205,205,205,185);
	printf("\n%c%c%c%c%c%c%c%c%c%c%c%c%c%c%c%c%c%c%c%c%c%c%c%c%c%c%c%c%c%c%c%c%c%c%c%c%c%c%c%c%c",186,0,0,0,0,186,0,0,0,0,186,0,0,0,0,186,0,0,0,0,186,0,0,0,0,186,0,0,0,0,186,0,0,0,0,186,0,0,0,0,186);
	printf("\n%c%c%c%c%c%c%c%c%c%c%c%c%c%c%c%c%c%c%c%c%c%c%c%c%c%c%c%c%c%c%c%c%c%c%c%c%c%c%c%c%c",186,0,0,0,0,186,0,0,0,0,186,0,0,0,0,186,0,0,0,0,186,0,0,0,0,186,0,0,0,0,186,0,0,0,0,186,0,0,0,0,186);
	printf("\n%c%c%c%c%c%c%c%c%c%c%c%c%c%c%c%c%c%c%c%c%c%c%c%c%c%c%c%c%c%c%c%c%c%c%c%c%c%c%c%c%c",204,205,205,205,205,206,205,205,205,205,206,205,205,205,205,206,205,205,205,205,206,205,205,205,205,206,205,205,205,205,206,205,205,205,205,206,205,205,205,205,185);
	printf("\n%c%c%c%c%c%c%c%c%c%c%c%c%c%c%c%c%c%c%c%c%c%c%c%c%c%c%c%c%c%c%c%c%c%c%c%c%c%c%c%c%c",186,0,0,0,0,186,0,0,0,0,186,0,0,0,0,186,0,0,0,0,186,0,0,0,0,186,0,0,0,0,186,0,0,0,0,186,0,0,0,0,186);
	printf("\n%c%c%c%c%c%c%c%c%c%c%c%c%c%c%c%c%c%c%c%c%c%c%c%c%c%c%c%c%c%c%c%c%c%c%c%c%c%c%c%c%c",186,0,0,0,0,186,0,0,0,0,186,0,0,0,0,186,0,0,0,0,186,0,0,0,0,186,0,0,0,0,186,0,0,0,0,186,0,0,0,0,186);
	printf("\n%c%c%c%c%c%c%c%c%c%c%c%c%c%c%c%c%c%c%c%c%c%c%c%c%c%c%c%c%c%c%c%c%c%c%c%c%c%c%c%c%c",204,205,205,205,205,206,205,205,205,205,206,205,205,205,205,206,205,205,205,205,206,205,205,205,205,206,205,205,205,205,206,205,205,205,205,206,205,205,205,205,185);
	printf("\n%c%c%c%c%c%c%c%c%c%c%c%c%c%c%c%c%c%c%c%c%c%c%c%c%c%c%c%c%c%c%c%c%c%c%c%c%c%c%c%c%c",186,0,0,0,0,186,0,0,0,0,186,0,0,0,0,186,0,0,0,0,186,0,0,0,0,186,0,0,0,0,186,0,0,0,0,186,0,0,0,0,186);
	printf("\n%c%c%c%c%c%c%c%c%c%c%c%c%c%c%c%c%c%c%c%c%c%c%c%c%c%c%c%c%c%c%c%c%c%c%c%c%c%c%c%c%c",186,0,0,0,0,186,0,0,0,0,186,0,0,0,0,186,0,0,0,0,186,0,0,0,0,186,0,0,0,0,186,0,0,0,0,186,0,0,0,0,186);
	printf("\n%c%c%c%c%c%c%c%c%c%c%c%c%c%c%c%c%c%c%c%c%c%c%c%c%c%c%c%c%c%c%c%c%c%c%c%c%c%c%c%c%c",204,205,205,205,205,206,205,205,205,205,206,205,205,205,205,206,205,205,205,205,206,205,205,205,205,206,205,205,205,205,206,205,205,205,205,206,205,205,205,205,185);
	printf("\n%c%c%c%c%c%c%c%c%c%c%c%c%c%c%c%c%c%c%c%c%c%c%c%c%c%c%c%c%c%c%c%c%c%c%c%c%c%c%c%c%c",186,0,0,0,0,186,0,0,0,0,186,0,0,0,0,186,0,0,0,0,186,0,0,0,0,186,0,0,0,0,186,0,0,0,0,186,0,0,0,0,186);
	printf("\n%c%c%c%c%c%c%c%c%c%c%c%c%c%c%c%c%c%c%c%c%c%c%c%c%c%c%c%c%c%c%c%c%c%c%c%c%c%c%c%c%c",186,0,0,0,0,186,0,0,0,0,186,0,0,0,0,186,0,0,0,0,186,0,0,0,0,186,0,0,0,0,186,0,0,0,0,186,0,0,0,0,186);
	printf("\n%c%c%c%c%c%c%c%c%c%c%c%c%c%c%c%c%c%c%c%c%c%c%c%c%c%c%c%c%c%c%c%c%c%c%c%c%c%c%c%c%c",204,205,205,205,205,206,205,205,205,205,206,205,205,205,205,206,205,205,205,205,206,205,205,205,205,206,205,205,205,205,206,205,205,205,205,206,205,205,205,205,185);
	printf("\n%c%c%c%c%c%c%c%c%c%c%c%c%c%c%c%c%c%c%c%c%c%c%c%c%c%c%c%c%c%c%c%c%c%c%c%c%c%c%c%c%c",186,0,0,0,0,186,0,0,0,0,186,0,0,0,0,186,0,0,0,0,186,0,0,0,0,186,0,0,0,0,186,0,0,0,0,186,0,0,0,0,186);
	printf("\n%c%c%c%c%c%c%c%c%c%c%c%c%c%c%c%c%c%c%c%c%c%c%c%c%c%c%c%c%c%c%c%c%c%c%c%c%c%c%c%c%c",186,0,0,0,0,186,0,0,0,0,186,0,0,0,0,186,0,0,0,0,186,0,0,0,0,186,0,0,0,0,186,0,0,0,0,186,0,0,0,0,186);
	printf("\n%c%c%c%c%c%c%c%c%c%c%c%c%c%c%c%c%c%c%c%c%c%c%c%c%c%c%c%c%c%c%c%c%c%c%c%c%c%c%c%c%c",204,205,205,205,205,206,205,205,205,205,206,205,205,205,205,206,205,205,205,205,206,205,205,205,205,206,205,205,205,205,206,205,205,205,205,206,205,205,205,205,185);
	printf("\n%c%c%c%c%c%c%c%c%c%c%c%c%c%c%c%c%c%c%c%c%c%c%c%c%c%c%c%c%c%c%c%c%c%c%c%c%c%c%c%c%c",186,0,0,0,0,186,0,0,0,0,186,0,0,0,0,186,0,0,0,0,186,0,0,0,0,186,0,0,0,0,186,0,0,0,0,186,0,0,0,0,186);
	printf("\n%c%c%c%c%c%c%c%c%c%c%c%c%c%c%c%c%c%c%c%c%c%c%c%c%c%c%c%c%c%c%c%c%c%c%c%c%c%c%c%c%c",186,0,0,0,0,186,0,0,0,0,186,0,0,0,0,186,0,0,0,0,186,0,0,0,0,186,0,0,0,0,186,0,0,0,0,186,0,0,0,0,186);
	printf("\n%c%c%c%c%c%c%c%c%c%c%c%c%c%c%c%c%c%c%c%c%c%c%c%c%c%c%c%c%c%c%c%c%c%c%c%c%c%c%c%c%c\n",200,205,205,205,205,202,205,205,205,205,202,205,205,205,205,202,205,205,205,205,202,205,205,205,205,202,205,205,205,205,202,205,205,205,205,202,205,205,205,205,188);
}

int white_checkers(void){
  printf("%c%c%c\n%c%c%c\n",218,196,191,192,196,217);
}

int black_checkers(void){
  printf("\n%c%c%c",222,219,221);
}

int new_game(void){
}

int main(void){

	return 0;
}
